# r [au]                 Sigma [g cm-2]           T_mid [K]                alpha                    a_max [cm]               tau_mid (Planck)         tau_mid (Rosseland)
1.052387583442992325e+00 2.747991970219295763e+04 2.471646931636845181e+02 3.325060819287304600e-05 2.397984010421497914e+01 1.418886104222388212e+03 1.357241557336866663e+03
1.246485250245153997e+00 1.961527094767167364e+04 2.023274983029127725e+02 4.491629327260143647e-05 1.687991284682218307e+01 1.018192335419126266e+03 9.528839787236537404e+02
1.476381424033486045e+00 1.413660409884784531e+04 1.670882101202516310e+02 5.896860221087558984e-05 1.188212500492151591e+01 7.575005225045122188e+02 7.034688967107523467e+02
1.748678621590138871e+00 1.030058953527672202e+04 1.401158085794609747e+02 7.498492807653887719e-05 8.364077226806408305e+00 5.997634887527227647e+02 5.555903459914126188e+02
2.071197098411232673e+00 7.582476238093660868e+03 1.195641472527711642e+02 9.260104138116696966e-05 5.887649543074564562e+00 5.094924356482371763e+02 4.716009455055580588e+02
2.453199442997812341e+00 5.569139144700569886e+03 1.014652144598596948e+02 1.150537305438940260e-04 4.144440110018178913e+00 4.234370676871054684e+02 3.925894684207093519e+02
2.905656594315040309e+00 4.072309952115155738e+03 8.507651621912951612e+01 1.446974516252405964e-04 2.917358395716926456e+00 3.350413349705752921e+02 3.116594522623146304e+02
3.441562922323707863e+00 2.960589859714356862e+03 7.051736731091520483e+01 1.848766627383107602e-04 2.053589817473024048e+00 2.524948490623265513e+02 2.362100330341317260e+02
4.076309420558163588e+00 2.142188756400259535e+03 5.813986666375228651e+01 2.392168174997051048e-04 1.445564982561043044e+00 1.862854077910960768e+02 1.753569861205280347e+02
4.828125728676806894e+00 1.542386727860583278e+03 4.774088527733121623e+01 3.135974463247124177e-04 1.017563537288116882e+00 1.352475915005487934e+02 1.281070857338550013e+02
5.718603679678229135e+00 1.101586379453105565e+03 3.889494421661084544e+01 4.201687007128616013e-04 7.162843351281724669e-01 9.513777827979509993e+01 9.077171302680937970e+01
6.773317407828080228e+00 7.841489877628110889e+02 3.157654535717364297e+01 5.675869632081548613e-04 5.042075801156991055e-01 6.599315760042833290e+01 6.347424324671520424e+01
8.022557826523225799e+00 5.552058897523319274e+02 2.549195140387489289e+01 7.774581536829912147e-04 3.549223002351932221e-01 4.472988691362250790e+01 4.345789126587941809e+01
9.502202569973327684e+00 3.908309809004469457e+02 2.038025233685379689e+01 1.081154016042056108e-03 2.498372578518844866e-01 2.909456977064506233e+01 2.883627868839274910e+01
1.125474638304197228e+01 2.734053544679549077e+02 1.609968049388025690e+01 1.528277483382867999e-03 1.758656905175784990e-01 1.795458400541663124e+01 1.843050890241485718e+01
1.333052155158932095e+01 1.917488202369198973e+02 1.274141552309146341e+01 2.141471795496948088e-03 1.237955514207591395e-01 1.075486550712677314e+01 1.162963228708599850e+01
1.578914342353729872e+01 1.361098331559483086e+02 1.022501500983168654e+01 2.895450397712421090e-03 8.714228742665408589e-02 6.028152690143321557e+00 7.238418291591897535e+00
1.870122253538601242e+01 9.637820228669545486e+01 8.102100177592273411e+00 3.938719478095188686e-03 6.134128545653220327e-02 2.808518999876304267e+00 4.092323068845122869e+00
2.215039251569969281e+01 6.893591635676564522e+01 6.544229283022075627e+00 5.200610735288752236e-03 4.317941854150664921e-02 1.277586334042499105e+00 2.309377605913141007e+00
2.623571200605660181e+01 5.039896364495692893e+01 5.545007071727429349e+00 6.445683598746254628e-03 3.039489915652032748e-02 6.526051428586033820e-01 1.421005483136066561e+00
3.107450958157445342e+01 3.785815309418482855e+01 4.981166783779940488e+00 7.394196868586292749e-03 2.139560758204681751e-02 3.444235286085335357e-01 8.061073029524570277e-01
3.680575337587349338e+01 2.862833793641275548e+01 4.554760552846153665e+00 8.330880170286977804e-03 1.506081732489439329e-02 2.039936228462300716e-01 4.929420972340346485e-01
4.359404218462265845e+01 2.180297094425900895e+01 4.226302935419549378e+00 9.210451753381556500e-03 1.060162547962292638e-02 1.239097811876062882e-01 3.041073934669521472e-01
5.163433267040320374e+01 1.682769876032043754e+01 4.028649672335949283e+00 9.820520318814125391e-03 7.462706730026497093e-03 8.702627051882186326e-02 1.900507709569204950e-01
6.115753843212795005e+01 1.301266958043688682e+01 3.850983181359785679e+00 1.043817645638816724e-02 5.253155928345772455e-03 6.436680970159872062e-02 1.226817836373656490e-01
7.243716174182492296e+01 1.013217554275779264e+01 3.722717491457379513e+00 1.090710250348220917e-02 3.697806734985632348e-03 4.646391176364799563e-02 7.695914366281444985e-02
8.579714840934212816e+01 7.821806020919903624e+00 3.538148210288311724e+00 1.170930406476997955e-02 2.602963787067877257e-03 3.500522209325458711e-02 5.419429595569755231e-02
1.016211913632223371e+02 6.008074017350772067e+00 3.328116643845284273e+00 1.277881402542112819e-02 1.832280852507308820e-03 2.676231821887599741e-02 4.094165314598717520e-02
1.203637501424954053e+02 4.621351199907929086e+00 3.134436165595888113e+00 1.392045036648908475e-02 1.289780956287028867e-03 2.048896827420193176e-02 3.097295469136239487e-02
1.425631027743314121e+02 3.563646341629305603e+00 2.962305946484305341e+00 1.509018207910849292e-02 9.079038908933016738e-04 1.583197556084514623e-02 2.373009108222169303e-02
1.688568048817287206e+02 2.754299172105027615e+00 2.807442656385126689e+00 1.629161510368213120e-02 6.390926079976677956e-04 1.222808085259567516e-02 1.830792546290309700e-02
2.000000000000002274e+02 2.130889302224050930e+00 2.661191283564502630e+00 1.758229245464275337e-02 4.498707029390384667e-04 9.455209946406251120e-03 1.414076151181460628e-02
