# r [au]                 Sigma [g cm-2]           T_mid [K]                alpha                    a_max [cm]               tau_mid (Planck)         tau_mid (Rosseland)
1.052387583442992325e+00 2.673376326630578478e+04 5.397136645196358131e+02 7.496288655140608253e-04 1.630168572824527207e+00 1.201706447543191416e+03 1.378766268088385459e+03
1.246485250245153997e+00 1.994804722041613786e+04 4.887058558309034879e+02 8.603798272426607489e-04 1.108073593346674324e+00 1.342450633745469986e+03 1.506653946450243666e+03
1.476381424033486045e+00 1.496388861045574777e+04 4.514923343086957743e+02 9.748839068130232821e-04 7.531902581981473332e-01 1.625308795985145935e+03 1.769743053265751314e+03
1.748678621590138871e+00 1.117627648103043975e+04 4.189948150550185915e+02 1.117484340475886602e-03 5.119656026917986935e-01 2.003365631328606241e+03 2.113239937153589835e+03
2.071197098411232673e+00 8.180353055729072366e+03 3.772712997225578988e+02 1.348046709772679746e-03 3.479980994000316241e-01 2.188150565553047272e+03 2.239731416633340814e+03
2.453199442997812341e+00 5.961688693531766148e+03 3.260598025532593169e+02 1.706639005196817615e-03 2.365445579728478742e-01 1.953945551142587874e+03 1.952191047499571368e+03
2.905656594315040309e+00 4.689227688612069869e+03 2.956157292675506483e+02 2.021082414669046496e-03 1.607863031523353303e-01 1.868331654221157351e+03 1.837451905304230650e+03
3.441562922323707863e+00 3.671719935284013900e+03 2.668766452395764190e+02 2.400297866541550775e-03 1.092911859944899755e-01 1.772675185117194133e+03 1.716581473622902877e+03
4.076309420558163588e+00 2.863389945685557450e+03 2.398123747045708285e+02 2.858209480843484831e-03 7.428843814367279419e-02 1.664291886858171438e+03 1.588913478882078607e+03
4.828125728676806894e+00 2.224590467892386641e+03 2.146976133616113884e+02 3.412959744138924223e-03 5.049603947114757879e-02 1.550717091647467441e+03 1.460704837046596595e+03
5.718603679678229135e+00 1.725484617581964585e+03 1.919065757973937139e+02 4.067470312396031899e-03 3.432364532069339530e-02 1.444731056536307733e+03 1.346624269153816158e+03
6.773317407828080228e+00 1.338680271090840961e+03 1.711686608744703051e+02 4.818765478347823185e-03 2.333079268075902157e-02 1.341300356406155743e+03 1.250753867661318282e+03
8.022557826523225799e+00 1.032097840413824997e+03 1.513326491486523651e+02 5.773608292943011380e-03 1.585862696187414003e-02 1.208051537166590606e+03 1.132389469240804146e+03
9.502202569973327684e+00 7.911982619695913854e+02 1.329807260924966101e+02 6.986755024867432641e-03 1.077957584027099992e-02 1.066869630302498081e+03 1.014083265148286046e+03
1.125474638304197228e+01 5.872554833016537259e+02 1.113157989859152224e+02 9.141867198478998563e-03 7.327195196375512094e-03 7.798261932333967934e+02 7.998754020516289529e+02
1.333052155158932095e+01 4.207829114951206293e+02 8.777858601248910020e+01 1.301703772428171833e-02 4.980510387543981773e-03 4.519887644002178604e+02 5.391648678923953639e+02
1.578914342353729872e+01 2.853438388717696057e+02 6.288645792774505594e+01 2.124176684570431087e-02 3.385399604572270158e-03 1.795168334920975610e+02 2.754353124022747465e+02
1.870122253538601242e+01 1.842835168104292052e+02 4.053467376473738426e+01 3.911747702283017297e-02 2.301155823568067950e-03 4.621959519774647873e+01 8.853781725600383368e+01
2.215039251569969281e+01 1.210905028828528458e+02 2.669841935893997942e+01 6.816420084696461767e-02 1.564163390693806442e-03 1.218354785771224869e+01 2.463551489382825110e+01
2.623571200605660181e+01 8.460508126833491360e+01 1.980304919761630700e+01 9.978862255029012640e-02 1.063207926959578147e-03 4.512971219422560409e+00 8.227888211121065609e+00
3.107450958157445342e+01 6.149306307171001151e+01 1.605887237535085177e+01 1.305927749771229052e-01 7.226937432976643589e-04 2.230716979750861917e+00 3.787914070255214316e+00
3.680575337587349338e+01 4.548725406795845316e+01 1.355243300971218368e+01 1.625440606307788083e-01 4.912362232805727799e-04 1.226010346773069859e+00 2.015353169696825653e+00
4.359404218462265845e+01 3.400399813495806001e+01 1.171161086599394352e+01 1.963677622691659408e-01 3.339077296585513392e-04 7.105657300492734807e-01 1.144298408815886958e+00
5.163433267040320374e+01 2.559524619377060262e+01 1.027767619333177507e+01 2.327321338192067934e-01 2.269669186468897544e-04 4.272035176582600902e-01 6.814939849271461902e-01
6.115753843212795005e+01 1.945196767682497097e+01 9.212534454899891756e+00 2.687146901777961450e-01 1.542760996061434404e-04 2.687576673440555397e-01 4.260982895458209074e-01
7.243716174182492296e+01 1.514514063318902082e+01 8.697879227584939699e+00 2.906813918141117337e-01 1.048660088949534674e-04 1.880322265135042914e-01 2.970148236759945770e-01
8.579714840934212816e+01 1.183061130277639350e+01 8.252035151460569651e+00 3.124352775772380464e-01 7.128051493154578962e-05 1.332829723975916536e-01 2.095291347277755123e-01
1.016211913632223371e+02 9.255810948254028503e+00 7.837168856319146393e+00 3.353074466934424791e-01 4.845146546957823316e-05 9.470750995421088614e-02 1.483343952354756468e-01
1.203637501424954053e+02 7.254643531190228423e+00 7.455662009201016183e+00 3.590550866894228754e-01 3.293388815168067039e-05 6.776963190258633585e-02 1.057532349542909117e-01
1.425631027743314121e+02 5.700042432251310132e+00 7.112216110239042877e+00 3.830251883785942835e-01 2.238613379957387346e-05 4.881333943010651016e-02 7.589395668581862264e-02
1.688568048817287206e+02 4.489840662380256475e+00 6.802837096760079305e+00 4.070182450533826879e-01 1.521651449669038351e-05 3.521109324625611159e-02 5.459404665358662950e-02
2.000000000000002274e+02 3.553834100072282176e+00 6.552868095872198317e+00 4.281929756477331761e-01 1.034311308513639777e-05 2.601942673948229312e-02 4.010553296626299946e-02
