# r [au]                 Sigma [g cm-2]           T_mid [K]                alpha                    a_max [cm]               tau_mid (Planck)         tau_mid (Rosseland)
1.052387583442992325e+00 2.482033454851011993e+04 1.480909073988046600e+02 7.157186832021223618e-06 1.010108792206380599e+02 1.281592877866624121e+03 1.185895957898335837e+03
1.246485250245153997e+00 1.773986183455762512e+04 1.205084935358406142e+02 9.469864572269584731e-06 7.181449893106885440e+01 9.105030607540072651e+02 8.434070094104858981e+02
1.476381424033486045e+00 1.260224968252148210e+04 9.625257813389374917e+01 1.274157055262427431e-05 5.105709698314131373e+01 6.008089764774742889e+02 5.578131414008754518e+02
1.748678621590138871e+00 8.891688968152539019e+03 7.531234429183483314e+01 1.746792851554477630e-05 3.629945472220145319e+01 3.649290433164842398e+02 3.403675106020317003e+02
2.071197098411232673e+00 6.205124702899141084e+03 5.807113092987557934e+01 2.469161810527340696e-05 2.580738998075472423e+01 2.077807443687807449e+02 1.951783795788424811e+02
2.453199442997812341e+00 4.293873661905291556e+03 4.448397421545638508e+01 3.572078286951462742e-05 1.834797196585454770e+01 1.152615038505417431e+02 1.089439064403218822e+02
2.905656594315040309e+00 2.950443420750724727e+03 3.388345843181243566e+01 5.267301083960901115e-05 1.304463859037400653e+01 6.252211286872535112e+01 5.937550975644851547e+01
3.441562922323707863e+00 2.033392484787718558e+03 2.608817824446495237e+01 7.690680943753227183e-05 9.274190971631503189e+00 3.544440471293900430e+01 3.377510716928571810e+01
4.076309420558163588e+00 1.431694772415854914e+03 2.103559776716603835e+01 1.054285340150972188e-04 6.593560839758346503e+00 2.422805885330147291e+01 2.315181243216945361e+01
4.828125728676806894e+00 1.019061021363537975e+03 1.725518582596166084e+01 1.399544042724903980e-04 4.687745236277650385e+00 1.702035597346358387e+01 1.630998444791941537e+01
5.718603679678229135e+00 7.313961583935006274e+02 1.435012373899725979e+01 1.812962872196818289e-04 3.332790268308072790e+00 1.218155387699532533e+01 1.172228806706754156e+01
6.773317407828080228e+00 5.255560895193492570e+02 1.196174207378224708e+01 2.339872888409551223e-04 2.369474110190572524e+00 8.671206935842683095e+00 8.401132973599937159e+00
8.022557826523225799e+00 3.783194395413744928e+02 1.000621875460658394e+01 3.003720688814144916e-04 1.684596721327314306e+00 6.149323769414401397e+00 6.010623444592012810e+00
9.502202569973327684e+00 2.729472480259744316e+02 8.407846516409179571e+00 3.830094516872645412e-04 1.197677620237214802e+00 4.354545626382742007e+00 4.301885410166562451e+00
1.125474638304197228e+01 1.973513524855086985e+02 7.090131581107285363e+00 4.852653255114959823e-04 8.514985597780839743e-01 3.070940931700712806e+00 3.085505922101442255e+00
1.333052155158932095e+01 1.430779196039673025e+02 6.005933891527224233e+00 6.099942034086387700e-04 6.053797658509640911e-01 2.169311550245152542e+00 2.235081886877123392e+00
1.578914342353729872e+01 1.040417079883079481e+02 5.120400758967855737e+00 7.601458448268215038e-04 4.303996251001066531e-01 1.552173381056254131e+00 1.644723104517570089e+00
1.870122253538601242e+01 7.593320014258011952e+01 4.406960385522499912e+00 9.373320678859568692e-04 3.059960833443462480e-01 1.206613206105014990e+00 1.315442063812264584e+00
2.215039251569969281e+01 5.546374810990587179e+01 3.798944495939537092e+00 1.153281055413778308e-03 2.175503823924146429e-01 8.824057065096616581e-01 1.030404137193842606e+00
2.623571200605660181e+01 4.061650981764256585e+01 3.298476946757197492e+00 1.408713214149650943e-03 1.546691982518823005e-01 6.611351343830459415e-01 8.254923822641271336e-01
3.107450958157445342e+01 2.978352836852833008e+01 2.871949295374890188e+00 1.714491326963535301e-03 1.099633134394067679e-01 4.969580722926809635e-01 6.633520494709174153e-01
3.680575337587349338e+01 2.196780014140628978e+01 2.527669992146736266e+00 2.052240208502597012e-03 7.817930421337826452e-02 3.324677538442440961e-01 5.050911980071703944e-01
4.359404218462265845e+01 1.630444170558235584e+01 2.252714348671548183e+00 2.413669797695607716e-03 5.558220661162503046e-02 2.134945712880248481e-01 3.781772001312075360e-01
5.163433267040320374e+01 1.230043002282035758e+01 2.077777699299754310e+00 2.709615206180053353e-03 3.951661789398074748e-02 1.393539046629406752e-01 2.878166293203532344e-01
6.115753843212795005e+01 9.361499665188940611e+00 1.948192077920059662e+00 2.969253774531812207e-03 2.809465807448310870e-02 9.005516114545168704e-02 2.070269306821054534e-01
7.243716174182492296e+01 7.236535609236011801e+00 1.880942790860719471e+00 3.115889174691175312e-03 1.997412365703378836e-02 5.705568136968595244e-02 1.337671966611903296e-01
8.579714840934212816e+01 5.603012755460010652e+00 1.818954958990180337e+00 3.261470229600849438e-03 1.420076424524393741e-02 3.620718948898396516e-02 8.657211710396847670e-02
1.016211913632223371e+02 4.345173771100185434e+00 1.761574845544620738e+00 3.405928295420327864e-03 1.009614782663990906e-02 2.301364259308908908e-02 5.611785741475447398e-02
1.203637501424954053e+02 3.390327651354647642e+00 1.723594451981757425e+00 3.503778403181747464e-03 7.177937692438247919e-03 1.705107733661443553e-02 3.656316591732894361e-02
1.425631027743314121e+02 2.649404316971995410e+00 1.688063204163022135e+00 3.598494619900039545e-03 5.103212670933419265e-03 1.270677076001742664e-02 2.385866619479289422e-02
1.688568048817287206e+02 2.073434634212782957e+00 1.654391866632800578e+00 3.691173036893670694e-03 3.628170190472806804e-03 9.483182466042475167e-03 1.559136253338840213e-02
2.000000000000002274e+02 1.607943694768996457e+00 1.591204134489853761e+00 3.897002933657300015e-03 2.579476847204891128e-03 7.195219295176448482e-03 1.113604729719134927e-02
