# r [au]                 Sigma [g cm-2]           T_mid [K]                alpha                    a_max [cm]               tau_mid (Planck)         tau_mid (Rosseland)
1.476381424033486045e+00 2.356495208006698158e+04 1.159705189801633196e+03 1.268019216063874868e-02 2.647177568607932407e-01 1.768792469872091942e+03 1.888542912728516285e+03
1.748678621590138871e+00 2.608306152307645971e+04 1.101527461644316872e+03 5.381130149026227584e-03 1.751374711296093123e-01 2.392635918729696186e+03 2.588443483278972963e+03
2.071197098411232673e+00 1.905495322847214629e+04 9.424781454400228995e+02 6.528508225413565125e-03 1.158710853303448751e-01 2.130559922436217676e+03 2.396839649361496413e+03
2.453199442997812341e+00 1.403238693231348770e+04 8.197886176281052713e+02 7.767553025479205508e-03 7.666039899420579173e-02 2.026408093684348614e+03 2.331950044911735404e+03
2.905656594315040309e+00 1.037386537301319913e+04 7.197910614840577637e+02 9.156813538765419189e-03 5.071857881710703508e-02 2.001171477548862413e+03 2.330686248370090198e+03
3.441562922323707863e+00 7.683471117875015807e+03 6.359761280224686288e+02 1.074925028422698756e-02 3.355545067566831352e-02 2.026550407541753430e+03 2.355887727227219784e+03
4.076309420558163588e+00 5.695018791047488776e+03 5.614598160689079123e+02 1.260056218774387171e-02 2.220031192331863718e-02 2.045468012042125338e+03 2.367612976740123486e+03
4.828125728676806894e+00 4.227021758937165941e+03 4.967063294084152290e+02 1.472682376001653408e-02 1.468774340885312633e-02 2.082110211923952647e+03 2.395446610443652844e+03
5.718603679678229135e+00 3.183219751453547815e+03 4.594676726955866002e+02 1.662872909252305700e-02 9.717422313229371125e-03 2.533251427726532256e+03 2.825540776160454698e+03
6.773317407828080228e+00 2.383520717289882214e+03 4.256283636798702901e+02 1.904830611008526825e-02 6.429054061274775203e-03 3.100050920208426760e+03 3.348847354336494391e+03
8.022557826523225799e+00 1.975758078798870883e+03 4.079604705710608528e+02 2.118052495091912735e-02 4.253467101715087233e-03 3.427290406619333226e+03 3.655600565806746999e+03
9.502202569973327684e+00 1.623962026293517738e+03 3.873481486905720317e+02 2.389965197844947514e-02 2.814097099346090161e-03 3.678836026178673819e+03 3.874421990277224268e+03
1.125474638304197228e+01 1.307267104565964019e+03 3.609727614175106964e+02 2.792006940099523229e-02 1.861808800955577206e-03 3.735644442217148026e+03 3.889256691575980767e+03
1.333052155158932095e+01 1.020754290349427833e+03 3.224809498006885633e+02 3.459979755290475134e-02 1.231774131788514713e-03 3.264182929565273753e+03 3.398977166326396400e+03
1.578914342353729872e+01 7.721903771880695331e+02 2.769227319504458933e+02 4.564614232307150771e-02 8.149427110692616634e-04 2.481902575289277593e+03 2.626904251158569878e+03
1.870122253538601242e+01 5.662012502494233104e+02 2.276590664128255241e+02 6.410782778523656245e-02 5.391667231723810223e-04 1.615616366219461725e+03 1.770541535361191109e+03
2.215039251569969281e+01 4.088668736274926800e+02 1.829537172851183868e+02 9.223982651581906500e-02 3.567131179012858868e-04 9.774455257318054464e+02 1.126392904774054387e+03
2.623571200605660181e+01 2.920030682344774391e+02 1.429706538525549320e+02 1.348061934672397655e-01 2.360016726072607465e-04 5.353162946662587274e+02 6.500551663771504991e+02
3.107450958157445342e+01 2.054369535298097560e+02 1.059974138735998821e+02 2.025400366629686033e-01 1.561388877457466258e-04 2.388741205461158188e+02 3.210671807275776928e+02
3.680575337587349338e+01 1.420370218055515465e+02 7.589491279190450257e+01 3.153091141938580422e-01 1.033016079807598048e-04 9.383093190670807360e+01 1.436883421545500994e+02
4.359404218462265845e+01 9.565727974630557640e+01 5.213566452158116959e+01 5.213822122640008327e-01 6.834442313171515339e-05 3.144761437285613681e+01 5.491276443146293218e+01
5.163433267040320374e+01 6.745777078858083087e+01 3.906709616113882078e+01 7.558777470155357836e-01 4.521672280335513474e-05 1.299821622186858683e+01 2.353018618502512638e+01
