# r [au]                 Sigma [g cm-2]           T_mid [K]                alpha                    a_max [cm]               tau_mid (Planck)         tau_mid (Rosseland)
1.052387583442992325e+00 5.128265878693666309e+04 5.223578209505316181e+02 1.868927771474665229e-04 1.462895895203965324e+01 9.814821509043829337e+02 1.120304365868337300e+03
1.246485250245153997e+00 3.860569870333481958e+04 4.695479579291171035e+02 2.209318564473573994e-04 9.775596010197730834e+00 1.011906228756667019e+03 1.116599530756783452e+03
1.476381424033486045e+00 2.967637561797054150e+04 4.403693514118211283e+02 2.467075091297748872e-04 6.532404504509869980e+00 1.235942980415296233e+03 1.327682042864400728e+03
1.748678621590138871e+00 2.262836862651314004e+04 4.111127295557910770e+02 2.821115085573888378e-04 4.365187408115702716e+00 1.480187715741305965e+03 1.548165700344132119e+03
2.071197098411232673e+00 1.691107003859380347e+04 3.698680550906614712e+02 3.411280567527083855e-04 2.916975073239347349e+00 1.528268988004657558e+03 1.560468284837180590e+03
2.453199442997812341e+00 1.254770754091289564e+04 3.257094200851477126e+02 4.205368014961210999e-04 1.949227554830826881e+00 1.449037360155107535e+03 1.445791325105341684e+03
2.905656594315040309e+00 9.280000668665252306e+03 2.839069135255664946e+02 5.226594191059762400e-04 1.302543890542188887e+00 1.319855378661013674e+03 1.288114307543898349e+03
3.441562922323707863e+00 6.861730085712028995e+03 2.470902856844654707e+02 6.493964671318592369e-04 8.704066298385816358e-01 1.195826332029171908e+03 1.142455657561293947e+03
4.076309420558163588e+00 5.083238986757812199e+03 2.147913551120930435e+02 8.019981330523325534e-04 5.816369849553345572e-01 1.078931763725270685e+03 1.013519224835053024e+03
4.828125728676806894e+00 3.789625606871063610e+03 1.876960603624050350e+02 9.727119559314107615e-04 3.886707323572092809e-01 9.941885823695100726e+02 9.266507143417379666e+02
5.718603679678229135e+00 2.827854582778231816e+03 1.637559869091928419e+02 1.176389487053415084e-03 2.597237488305359498e-01 9.105148962992030874e+02 8.455500796305394715e+02
6.773317407828080228e+00 2.107029431823480536e+03 1.420247107599963954e+02 1.428215443857707139e-03 1.735567411970497520e-01 8.145417282670651957e+02 7.553937629552384578e+02
8.022557826523225799e+00 1.568118271191036229e+03 1.227630725179028843e+02 1.738962924477931637e-03 1.159768505982612802e-01 7.191586232259169265e+02 6.675398247522757629e+02
9.502202569973327684e+00 1.162947882846719722e+03 1.053670463105531354e+02 2.137112461844522734e-03 7.749989877615921785e-02 6.174748419875194259e+02 5.761636312901503061e+02
1.125474638304197228e+01 8.579397385305237549e+02 8.933062060840428842e+01 2.663278144950227428e-03 5.178821703928068731e-02 5.049963140824157222e+02 4.754839171001239606e+02
1.333052155158932095e+01 6.284050574208285980e+02 7.445040922240866621e+01 3.382498773711461928e-03 3.460674744690979410e-02 3.859780095689434347e+02 3.694240720646852765e+02
1.578914342353729872e+01 4.483975344002386123e+02 5.962092140990397127e+01 4.612596429120457975e-03 2.312547211165453045e-02 2.497329662680949411e+02 2.550487440222404416e+02
1.870122253538601242e+01 3.097517371833482116e+02 4.542187361492246112e+01 6.866616677160092622e-03 1.545327139475701980e-02 1.300810522861684149e+02 1.522551866312800541e+02
2.215039251569969281e+01 2.082661794493330660e+02 3.299980075392192447e+01 1.098966493357169186e-02 1.032643120309167245e-02 5.410109702856244240e+01 7.859372424010605584e+01
2.623571200605660181e+01 1.356817101259665037e+02 2.196945708329574387e+01 1.915502323752851788e-02 6.900492372661327402e-03 1.396247056661782970e+01 2.617178264722164016e+01
3.107450958157445342e+01 9.092433643811801858e+01 1.533521669888745365e+01 3.071696410716223680e-02 4.611156947513535449e-03 3.877072171667580669e+00 8.156764673719703040e+00
3.680575337587349338e+01 6.331180905634076339e+01 1.155120702027015511e+01 4.405840514787871809e-02 3.081340757485960362e-03 1.336184609511676946e+00 2.717269929193450562e+00
4.359404218462265845e+01 4.647507340798211573e+01 9.804410553785009697e+00 5.429942210819830445e-02 2.059062610927617047e-03 7.152164317347786682e-01 1.288348587503158837e+00
5.163433267040320374e+01 3.459318302561504765e+01 8.595563422742078075e+00 6.433612602793256641e-02 1.375939621549412918e-03 4.153076947098384153e-01 6.878592322215308918e-01
6.115753843212795005e+01 2.602942086382608977e+01 7.726769802377122964e+00 7.396805581376947325e-02 9.194522945063053751e-04 2.571585262175550279e-01 4.063891285856731095e-01
7.243716174182492296e+01 1.992511792168537355e+01 7.223660590312046992e+00 8.109490125973524421e-02 6.144110603639293868e-04 1.742418740955977707e-01 2.726555798915364370e-01
8.579714840934212816e+01 1.535308113613251813e+01 6.842166297461901969e+00 8.743919371862893253e-02 4.105715471624564396e-04 1.213606112025772260e-01 1.883500130142223561e-01
1.016211913632223371e+02 1.186552494972909422e+01 6.510387751470566364e+00 9.370238880485062816e-02 2.743586602095442520e-04 8.558502499225145721e-02 1.317794249340112911e-01
1.203637501424954053e+02 9.188060879691246186e+00 6.208178890288404084e+00 1.001104098178540597e-01 1.833363148328251012e-04 6.065253732856739494e-02 9.293997323630019680e-02
1.425631027743314121e+02 7.096586361628610895e+00 5.884990754938364432e+00 1.079995307213606065e-01 1.225119130951036030e-04 4.512825766517265108e-02 6.902869469407166281e-02
1.688568048817287206e+02 5.511287941786626732e+00 5.624402624343730395e+00 1.150186289923732647e-01 8.186686235025750528e-05 3.239386127737137883e-02 4.933943847885893796e-02
2.000000000000002274e+02 4.291961380343574994e+00 5.391052685183549187e+00 1.218885316814232317e-01 5.470637901044919947e-05 2.279652710559644177e-02 3.449422098584425250e-02
