# r [au]                 Sigma [g cm-2]           T_mid [K]                alpha                    a_max [cm]               tau_mid (Planck)         tau_mid (Rosseland)
1.052387583442992325e+00 4.713088681486070709e+04 2.518164737291112090e+02 6.736529583613025756e-06 1.545768409307702598e+02 2.428052670032996502e+03 2.334281405737960085e+03
1.246485250245153997e+00 3.320126641248932719e+04 2.040836159486399026e+02 9.252061743173970967e-06 1.078059663827629180e+02 1.704119198928094875e+03 1.596000347047256355e+03
1.476381424033486045e+00 2.362113585742351279e+04 1.665580429143987544e+02 1.233948649546621965e-05 7.518672472370275273e+01 1.230043768606781668e+03 1.141094633489966554e+03
1.748678621590138871e+00 1.682802482523940125e+04 1.351507529506169192e+02 1.638377730302499773e-05 5.243720514138229305e+01 8.679024058674210664e+02 8.032193967151305287e+02
2.071197098411232673e+00 1.196418724694423508e+04 1.089552684646099294e+02 2.186996085097065392e-05 3.657109008463767452e+01 5.969632867046641422e+02 5.532447701250594037e+02
2.453199442997812341e+00 8.456054641567783619e+03 8.623962998808025304e+01 2.967907947365539060e-05 2.550564291847050669e+01 3.817598516366490458e+02 3.547668043920668879e+02
2.905656594315040309e+00 5.912026862320381042e+03 6.665876784957882251e+01 4.153389569202681089e-05 1.778830817399656539e+01 2.204657784402685650e+02 2.063444513649208147e+02
3.441562922323707863e+00 4.103001645894721150e+03 5.117475256563673724e+01 5.932911278908247025e-05 1.240603535086465214e+01 1.238794633587691152e+02 1.167411247099746845e+02
4.076309420558163588e+00 2.861723144296181999e+03 4.008611001799761198e+01 8.345818471601259962e-05 8.652296307295344491e+00 7.555008788725253055e+01 7.158417396593593196e+01
4.828125728676806894e+00 2.023623066851070462e+03 3.250632407941365898e+01 1.127150551914309415e-04 6.034339680002526407e+00 5.303042867357278567e+01 5.043919402687860298e+01
5.718603679678229135e+00 1.427620750050916740e+03 2.630614130488306301e+01 1.531900584393611946e-04 4.208507670148848412e+00 3.691305619846728803e+01 3.522892991721775502e+01
6.773317407828080228e+00 1.004636024186130044e+03 2.123616324060251515e+01 2.096074729887091267e-04 2.935124263620244811e+00 2.541858876293146352e+01 2.434470347576596438e+01
8.022557826523225799e+00 7.110387199224547885e+02 1.729535848010695887e+01 2.819040334623585113e-04 2.047033085860458179e+00 1.766012651349521789e+01 1.699599626704620903e+01
9.502202569973327684e+00 5.091705387203551254e+02 1.435584354306664778e+01 3.662740670256542700e-04 1.427654871906149259e+00 1.257848617876545028e+01 1.219454879698657379e+01
1.125474638304197228e+01 3.652830990403498390e+02 1.195825456778085005e+01 4.732620773136550539e-04 9.956841671763392299e-01 8.952940063243959301e+00 8.759387093377238642e+00
1.333052155158932095e+01 2.619776540004111780e+02 9.951523072946311999e+00 6.119360407292266223e-04 6.944164029237471780e-01 6.178712561963034311e+00 6.163077182485683814e+00
1.578914342353729872e+01 1.883055446709774401e+02 8.315580161595137909e+00 7.860094711218486210e-04 4.843043171180144713e-01 4.220810560097583597e+00 4.315281005138801085e+00
1.870122253538601242e+01 1.358399281151211255e+02 6.991669295920218907e+00 9.989323134937039880e-04 3.377666060185246510e-01 2.898489530861715568e+00 3.050551763754850043e+00
2.215039251569969281e+01 9.810825008807567826e+01 5.875383347631825792e+00 1.265100906741222810e-03 2.355673408409302561e-01 1.869581002358401189e+00 2.107633541042220671e+00
2.623571200605660181e+01 7.117703079218703976e+01 4.983772054409762120e+00 1.581268743737897263e-03 1.642908774345324951e-01 1.204363478733614379e+00 1.478507412882167360e+00
3.107450958157445342e+01 5.194089022864866934e+01 4.297373422179557423e+00 1.943273648178434456e-03 1.145807916829807427e-01 8.759203659212178028e-01 1.157292127860793052e+00
3.680575337587349338e+01 3.806369250944511862e+01 3.737606307540779049e+00 2.359463246903793863e-03 7.991166659834932073e-02 5.816967664458968512e-01 8.749807520405340489e-01
4.359404218462265845e+01 2.801703734642277510e+01 3.282372026482817784e+00 2.829180567267431962e-03 5.573250424202049608e-02 3.672830403411082023e-01 6.498026676339869745e-01
5.163433267040320374e+01 2.068437968129733306e+01 2.901404574380754386e+00 3.364112787149395843e-03 3.886931860273536848e-02 2.327003145154557529e-01 4.841972983373437622e-01
6.115753843212795005e+01 1.546602739001190407e+01 2.630577955113590161e+00 3.857087412417319408e-03 2.710848811099784289e-02 1.457110875666338123e-01 3.356638434171071994e-01
7.243716174182492296e+01 1.175618416240775588e+01 2.463953295796907028e+00 4.219433809096051306e-03 1.890617469204625839e-02 8.976738941968388785e-02 2.111269564212208405e-01
8.579714840934212816e+01 8.992983622720888803e+00 2.337115329193001578e+00 4.537907495648639197e-03 1.318566494828434660e-02 5.565374669843330124e-02 1.336388183815454267e-01
1.016211913632223371e+02 6.954660495153436095e+00 2.265133203827674802e+00 4.736454774885366127e-03 9.196030554057941023e-03 3.621804648359501499e-02 8.553246809799305850e-02
1.203637501424954053e+02 5.410314806414925570e+00 2.218174712563534712e+00 4.869699804196947653e-03 6.413554286632369879e-03 2.678710138993373180e-02 5.497677888303729304e-02
1.425631027743314121e+02 4.213846161805919088e+00 2.173431122374585911e+00 5.001406021986102950e-03 4.472981939955530083e-03 1.984252619725450709e-02 3.539324345245374592e-02
1.688568048817287206e+02 3.283931437752479532e+00 2.128305454943172137e+00 5.140476794004248361e-03 3.119575595839244563e-03 1.473234232251952741e-02 2.294897819696044630e-02
2.000000000000002274e+02 2.518515860970101716e+00 2.019256517811009122e+00 5.545490530034135647e-03 2.175674310514308981e-03 1.124423604287960211e-02 1.730236902647148967e-02
