# r [au]                 Sigma [g cm-2]           T_mid [K]                alpha                    a_max [cm]               tau_mid (Planck)         tau_mid (Rosseland)
1.052387583442992325e+00 8.840417390743042051e+04 4.026657295183540555e+02 6.379996346926238986e-06 2.563006388041573587e+02 3.678164215057684487e+03 3.852776360490882780e+03
1.246485250245153997e+00 6.323532469909534120e+04 3.448210796848481436e+02 8.354978972527529583e-06 1.749373077874001012e+02 3.226246862143803355e+03 3.251590394414039110e+03
1.476381424033486045e+00 4.433486217096074688e+04 2.798461048296007903e+02 1.159015990327993204e-05 1.194029862691359085e+02 2.283484534449293733e+03 2.226685072875876358e+03
1.748678621590138871e+00 3.112386330951622585e+04 2.265831502247518188e+02 1.600576401465579433e-05 8.149818532313354069e+01 1.602255393062494477e+03 1.517500944452958265e+03
2.071197098411232673e+00 2.199911235252008919e+04 1.843158883309765201e+02 2.165543436195776369e-05 5.562636596033461700e+01 1.145706623911644556e+03 1.065916111296114195e+03
2.453199442997812341e+00 1.565657390137158472e+04 1.501769336243493456e+02 2.870617575771068495e-05 3.796762563098131693e+01 8.246116434694465624e+02 7.642907333573564301e+02
2.905656594315040309e+00 1.111884741999251855e+04 1.211977208174112377e+02 3.827452447451723527e-05 2.591470018160573119e+01 5.715206743864190457e+02 5.289465268123152555e+02
3.441562922323707863e+00 7.867348742948652216e+03 9.675724503727859371e+01 5.155777428743191481e-05 1.768800851624823878e+01 3.794748511114204916e+02 3.519218968370942093e+02
4.076309420558163588e+00 5.512205632881009478e+03 7.519211628522810997e+01 7.143215139621467342e-05 1.207290237117770815e+01 2.248732558646069606e+02 2.098167728025511281e+02
4.828125728676806894e+00 3.893769510980278483e+03 5.986059981053499968e+01 9.658241338265138366e-05 8.240326859301175588e+00 1.468572960063330584e+02 1.378890110506027611e+02
5.718603679678229135e+00 2.778587890096540832e+03 4.903258463115408716e+01 1.267255727862546285e-04 5.624412809816874415e+00 1.076475446620112706e+02 1.016117233578591339e+02
6.773317407828080228e+00 1.973093098279662627e+03 3.999668105020818132e+01 1.686238306202838589e-04 3.838927750727010757e+00 7.757887988824366232e+01 7.358412735481776679e+01
8.022557826523225799e+00 1.395085985473760729e+03 3.249195007326655826e+01 2.271288979124807216e-04 2.620249752930499998e+00 5.497194270774166824e+01 5.237454390589126518e+01
9.502202569973327684e+00 9.836222917431126689e+02 2.631737741419143362e+01 3.083355032817413363e-04 1.788444381750119661e+00 3.847289470460720651e+01 3.683017972038993548e+01
1.125474638304197228e+01 6.917118839144252433e+02 2.125546322334573546e+01 4.215827196112246025e-04 1.220697875474024530e+00 2.659212185900701897e+01 2.559484419240025943e+01
1.333052155158932095e+01 4.862884813426177288e+02 1.714973633476932235e+01 5.766533611084864253e-04 8.331840332259093929e-01 1.817583926569415098e+01 1.763779058338453964e+01
1.578914342353729872e+01 3.470162571178948383e+02 1.416475794312051306e+01 7.547376020541804974e-04 5.686875083263509545e-01 1.268641907233477184e+01 1.250460565732098850e+01
1.870122253538601242e+01 2.480401851505169475e+02 1.173446241507920540e+01 9.828654600535727953e-04 3.881561206523330698e-01 8.789574322791366967e+00 8.839494817780087388e+00
2.215039251569969281e+01 1.770537854940375837e+02 9.682830335058657312e+00 1.284807581864165797e-03 2.649349102871569328e-01 5.769177674468490835e+00 6.045239985892675527e+00
2.623571200605660181e+01 1.262947527435772201e+02 7.963426432956257628e+00 1.682613818922830276e-03 1.808306064346034137e-01 3.532599457308506441e+00 3.979851736754990821e+00
3.107450958157445342e+01 9.061364507453959050e+01 6.610134709641864781e+00 2.165960428453272187e-03 1.234254413209028567e-01 2.149096893229672567e+00 2.643779909091970470e+00
3.680575337587349338e+01 6.541406507027767248e+01 5.533938895640744704e+00 2.738210412977379327e-03 8.424370113899322388e-02 1.201434006501796992e+00 1.712521621316615006e+00
4.359404218462265845e+01 4.765412719380707074e+01 4.730033111066163087e+00 3.370784431583315893e-03 5.750031035452454753e-02 6.426064999036134040e-01 1.117919505921014522e+00
5.163433267040320374e+01 3.492712615759392492e+01 4.121043560095609237e+00 4.077316613321374690e-03 3.924668130869023858e-02 3.954879736328482664e-01 8.189850243977719879e-01
6.115753843212795005e+01 2.593417603694179974e+01 3.690588472685917942e+00 4.749509780181693404e-03 2.678771617490397286e-02 2.426451967526566666e-01 5.593470943007230467e-01
7.243716174182492296e+01 1.956823345274585435e+01 3.413519144015368045e+00 5.282442805019687236e-03 1.828388322118659412e-02 1.465304328970936931e-01 3.452947908304653257e-01
8.579714840934212816e+01 1.482090065621463282e+01 3.181333847546837568e+00 5.816359972033492004e-03 1.247961503934307687e-02 8.882347817049261740e-02 2.139648706775411635e-01
1.016211913632223371e+02 1.131457720168404535e+01 3.013485333901781971e+00 6.265162689052444778e-03 8.517927490902587467e-03 5.827680722379219302e-02 1.335758616129473775e-01
1.203637501424954053e+02 8.709546894596826405e+00 2.901786745367533005e+00 6.597298035507935705e-03 5.813888370076950550e-03 4.253675891209499071e-02 8.402725600071891954e-02
1.425631027743314121e+02 6.723885489173737184e+00 2.807555759958388020e+00 6.900008799322059939e-03 3.968253781899040017e-03 3.113870564694072932e-02 5.301269629442786208e-02
1.688568048817287206e+02 5.174339834531084037e+00 2.698236131306095853e+00 7.297061636702166336e-03 2.708520885712801998e-03 2.320929640996357776e-02 3.598835578076093472e-02
2.000000000000002274e+02 3.955467028879080971e+00 2.558926772854855258e+00 7.880746698140402365e-03 1.848693604679602391e-03 1.764315430591829534e-02 2.700172612505772826e-02
