# r [au]                 Sigma [g cm-2]           T_mid [K]                alpha                    a_max [cm]               tau_mid (Planck)         tau_mid (Rosseland)
1.052387583442992325e+00 9.612164430392460781e+04 5.582846284450685062e+02 3.621716827815768004e-05 8.835848291428099799e+01 1.717144813432915271e+03 1.967011061295988611e+03
1.246485250245153997e+00 7.064281141131070035e+04 4.858739441903420015e+02 4.429228220136006733e-05 5.883092685100803010e+01 1.595513975028150526e+03 1.788737604219911645e+03
1.476381424033486045e+00 5.235706529615956242e+04 4.400440508084057001e+02 5.289071223390456151e-05 3.917086215147384110e+01 1.738340686906281462e+03 1.871072249987670148e+03
1.748678621590138871e+00 3.835068990876636963e+04 3.944028439332812468e+02 6.534343136352600888e-05 2.608077968201329710e+01 1.816096591692557013e+03 1.877234698502063793e+03
2.071197098411232673e+00 2.712390728097097599e+04 3.268856350627938809e+02 8.921968501826662591e-05 1.736512886010393686e+01 1.387430472987670555e+03 1.384735400412726221e+03
2.453199442997812341e+00 1.908506861701234084e+04 2.661474636547097816e+02 1.235023245428021354e-04 1.156206616537533449e+01 9.880934150838113510e+02 9.537828824124206903e+02
2.905656594315040309e+00 1.374101773809115184e+04 2.246939116311594091e+02 1.598939794793965790e-04 7.698265592468342078e+00 8.139857194302169319e+02 7.682608680948908386e+02
3.441562922323707863e+00 1.007134362909847005e+04 1.943709653067951137e+02 1.966239835604208165e-04 5.125666319888138034e+00 7.390884271802729018e+02 6.912825386495118209e+02
4.076309420558163588e+00 7.398736459659617140e+03 1.687400836485157924e+02 2.402323846342847358e-04 3.412775891824153973e+00 6.808280108936312445e+02 6.326461415902202816e+02
4.828125728676806894e+00 5.431083963114951075e+03 1.453928173187482571e+02 2.942324852275177366e-04 2.272297602094068836e+00 6.084845801268980949e+02 5.639591330686118908e+02
5.718603679678229135e+00 3.981391235327715094e+03 1.244857598614883898e+02 3.618135665472575670e-04 1.512943291955398895e+00 5.302002485880835820e+02 4.909505950246542625e+02
6.773317407828080228e+00 2.914160334171000159e+03 1.060902816846508046e+02 4.469385241292719076e-04 1.007349302557641435e+00 4.534488812630517032e+02 4.204155122656277399e+02
8.022557826523225799e+00 2.125632909851623026e+03 8.956409768908781643e+01 5.576225362412664741e-04 6.707142447168940036e-01 3.734452808663575070e+02 3.473347194224951977e+02
9.502202569973327684e+00 1.541537203851399454e+03 7.457110163369081590e+01 7.072749921017248064e-04 4.465755790210736431e-01 2.898954269090767184e+02 2.713417346140537347e+02
1.125474638304197228e+01 1.112364094066322650e+03 6.163747749753685667e+01 9.098179848449609473e-04 2.973393652347250393e-01 2.184059503125176320e+02 2.061512743825667826e+02
1.333052155158932095e+01 7.979199533917422968e+02 5.059358863220223412e+01 1.190004655752120288e-03 1.979747712850555286e-01 1.599173382034068709e+02 1.527383461946463683e+02
1.578914342353729872e+01 5.666011966778173701e+02 4.108371379486045072e+01 1.601432670168670847e-03 1.318157454006454454e-01 1.120058217563682490e+02 1.087157245097330929e+02
1.870122253538601242e+01 3.992337211817610978e+02 3.295407845808401248e+01 2.201924106984105237e-03 8.776568157015166016e-02 7.447251983501043071e+01 7.447237611393458678e+01
2.215039251569969281e+01 2.761868629085781777e+02 2.559994611781380414e+01 3.188796265847487071e-03 5.843622731154803768e-02 4.301423342040067155e+01 4.639036615161962374e+01
2.623571200605660181e+01 1.889643652614736311e+02 1.941437608729980013e+01 4.761534924781779358e-03 3.890806293890031187e-02 2.219195936025033333e+01 2.696671564924113795e+01
3.107450958157445342e+01 1.269332036611097294e+02 1.400261996503271611e+01 7.487824153836276746e-03 2.590580246713245285e-02 8.391539176900815633e+00 1.290985085167602087e+01
3.680575337587349338e+01 8.543932122950715780e+01 9.967100659429032561e+00 1.168837394481366670e-02 1.724862536898769810e-02 2.478125116739656963e+00 5.146777743362373592e+00
4.359404218462265845e+01 5.925965161885371657e+01 7.509305069214950556e+00 1.670220140358723293e-02 1.148449570312118362e-02 7.874695506156477176e-01 2.063389159668647110e+00
5.163433267040320374e+01 4.418790053253955818e+01 6.685009749272086133e+00 1.932611780369128049e-02 7.646617555515283597e-03 4.035695747397677335e-01 9.752870020690570518e-01
6.115753843212795005e+01 3.361293814595341445e+01 6.236488533183477401e+00 2.112300587260091192e-02 5.091277976134704272e-03 2.460575046062132565e-01 4.945578322536495208e-01
7.243716174182492296e+01 2.576469841171240560e+01 5.921183639919418873e+00 2.261383326823012199e-02 3.389879412967163660e-03 1.648412397387063744e-01 2.777701740041406131e-01
8.579714840934212816e+01 1.973952603185708554e+01 5.623607678594073178e+00 2.428348313716257798e-02 2.257052647355677153e-03 1.132557380322153778e-01 1.797738423521615392e-01
1.016211913632223371e+02 1.506622954909268408e+01 5.303765069690816958e+00 2.640669980040923764e-02 1.502792882085512245e-03 8.334111423722814771e-02 1.292383098059923241e-01
1.203637501424954053e+02 1.151342140195432684e+01 5.009472504848471175e+00 2.866000755458173940e-02 1.000590947266013879e-03 6.181250923911985745e-02 9.400332846336889592e-02
1.425631027743314121e+02 8.820908916575401548e+00 4.750335245624727420e+00 3.092997432896155488e-02 6.662143903431991037e-04 4.526762269891118629e-02 6.853457384786522388e-02
1.688568048817287206e+02 6.781732155583346966e+00 4.528572798389294718e+00 3.310693264504502298e-02 4.435794818183243769e-04 3.260333093041306585e-02 4.904872714912607290e-02
2.000000000000002274e+02 5.230812287884440970e+00 4.337160425410538700e+00 3.518198301605453271e-02 2.953445010229357147e-04 2.307654475830639429e-02 3.446009121647837514e-02
