# r [au]                 Sigma [g cm-2]           T_mid [K]                alpha                    a_max [cm]               tau_mid (Planck)         tau_mid (Rosseland)
2.453199442997812341e+00 1.541914219562708422e+04 1.135521449861320434e+03 2.499624254484571900e-02 9.965848181958374130e-02 1.864831205457441001e+03 2.003752699150598346e+03
2.905656594315040309e+00 1.638410368849212682e+04 1.067487289867476647e+03 1.161827637413129395e-02 6.553341512923226142e-02 2.420369649165141709e+03 2.643565726967743558e+03
3.441562922323707863e+00 1.196384701438283992e+04 9.135449259222793899e+02 1.409954851779790345e-02 4.309345697514329471e-02 2.157192252958468544e+03 2.451913102739092665e+03
4.076309420558163588e+00 8.820308055480392795e+03 7.979627730530688723e+02 1.670906860793262838e-02 2.833739139653261574e-02 2.086383873759992639e+03 2.417014691405966005e+03
4.828125728676806894e+00 6.813165471056609022e+03 7.204085814640791341e+02 1.919967128732894338e-02 1.863409917713176184e-02 2.113575974717089139e+03 2.473582649909306838e+03
5.718603679678229135e+00 5.505846209561592332e+03 6.705686225032695802e+02 2.144633543757721444e-02 1.225340918944536547e-02 2.223143372961451405e+03 2.606682346424891421e+03
6.773317407828080228e+00 4.429915008343196860e+03 6.217337535518287268e+02 2.405614163226340793e-02 8.057595665705623300e-03 2.318444596349131643e+03 2.719005194680331442e+03
8.022557826523225799e+00 3.550239665282332226e+03 5.742752698774306737e+02 2.708454178038089549e-02 5.298513002236247132e-03 2.397115418674610737e+03 2.815126959911597623e+03
9.502202569973327684e+00 2.838194257204043879e+03 5.295211325301011129e+02 3.051419637991593242e-02 3.484195683130996909e-03 2.475896993557362748e+03 2.910256772147938136e+03
1.125474638304197228e+01 2.259497950664448126e+03 4.877778512174403431e+02 3.456542636725173923e-02 2.291137070575320709e-03 2.560673136083944428e+03 3.013525154200249744e+03
1.333052155158932095e+01 1.802291661038186930e+03 4.600417323955492748e+02 3.878609345182194162e-02 1.506605700012586145e-03 2.923581274636068429e+03 3.381753677287753817e+03
1.578914342353729872e+01 1.428373553621663177e+03 4.328101286554432363e+02 4.406093416325400358e-02 9.907136349290690102e-04 3.318832254768083658e+03 3.760987718228160247e+03
1.870122253538601242e+01 1.098602240216483324e+03 3.932802421149752377e+02 5.374212496562995323e-02 6.514733791503440029e-04 3.296948426321568604e+03 3.648531889232412141e+03
2.215039251569969281e+01 8.249947009854216731e+02 3.456308493065747598e+02 6.918443165698630326e-02 4.283958035683585355e-04 2.888561280831550903e+03 3.128214329138309949e+03
2.623571200605660181e+01 5.927852062274038190e+02 2.803635266458792898e+02 9.892565251836690776e-02 2.817044723367411428e-04 1.854794160775562204e+03 2.048406173446579942e+03
3.107450958157445342e+01 4.200090978280660465e+02 2.214699655685233211e+02 1.452742655033861241e-01 1.852432005017482625e-04 1.083425397312031919e+03 1.218918625942634208e+03
3.680575337587349338e+01 2.971844581870545881e+02 1.741296242846241853e+02 2.122138744076442207e-01 1.218122064143579828e-04 6.271296884087570334e+02 7.179309620273518249e+02
4.359404218462265845e+01 2.091697308888988971e+02 1.322952817847119604e+02 3.119636609265020732e-01 8.010125927075128246e-05 3.174380886045697139e+02 3.933531949907815601e+02
5.163433267040320374e+01 1.452813520569329739e+02 9.773181517927358186e+01 4.718601312151656790e-01 5.267297855959182380e-05 1.446499759908515443e+02 2.002759678377892101e+02
6.115753843212795005e+01 9.927261015951722811e+01 6.964842348509378667e+01 7.409296601062778098e-01 3.463669230169392311e-05 5.760002441192874301e+01 9.238035814208009810e+01
