# r [au]                 Sigma [g cm-2]           T_mid [K]                alpha                    a_max [cm]               tau_mid (Planck)         tau_mid (Rosseland)
5.718603679678229135e+00 1.094672104659282195e+04 1.150500373643511239e+03 2.297576739861892023e-02 1.463430212332980304e-02 3.291686029561206851e+03 3.544420160872844008e+03
6.773317407828080228e+00 8.510284010663252047e+03 1.025920394214162570e+03 2.673728270370331547e-02 9.619370835144740173e-03 3.091506232028072645e+03 3.438500697017535913e+03
8.022557826523225799e+00 6.591981772685118813e+03 9.100987977077855930e+02 3.131906711617336858e-02 6.322972867733714364e-03 2.852247298884401062e+03 3.292689276446706572e+03
9.502202569973327684e+00 5.138261918999740374e+03 8.212439817761063523e+02 3.599816091498913434e-02 4.156195511251973597e-03 2.823673958475472773e+03 3.321330352209652119e+03
1.125474638304197228e+01 4.001628858281844259e+03 7.426454785340192757e+02 4.139069135985026793e-02 2.731936620493926986e-03 2.824757996229298897e+03 3.372587983571602763e+03
1.333052155158932095e+01 3.105645861524270458e+03 6.697286200419822535e+02 4.793211390164693608e-02 1.795747499892629126e-03 2.799945217499715909e+03 3.389981940447306897e+03
1.578914342353729872e+01 2.405163381636982194e+03 6.019924687787021185e+02 5.570483601225258846e-02 1.180374778528943012e-03 2.744059933726905911e+03 3.357435116247129827e+03
1.870122253538601242e+01 1.845382958061147519e+03 5.330626137049757745e+02 6.618874173641629832e-02 7.758800264906724536e-04 2.538663805999071883e+03 3.171224363582254682e+03
2.215039251569969281e+01 1.412220238041379389e+03 4.761871367615012218e+02 7.897229265921583419e-02 5.099988804042424615e-04 2.438584392305758229e+03 3.060841270662290754e+03
2.623571200605660181e+01 1.078409296562589134e+03 4.352910972524803697e+02 9.451360733775540646e-02 3.352307691048806403e-04 2.574827837605697823e+03 3.118465886201328885e+03
3.107450958157445342e+01 8.067065401131211502e+02 3.880398545756675617e+02 1.190600881219784080e-01 2.203527750209427071e-04 2.466560635428440946e+03 2.843073764329866663e+03
3.680575337587349338e+01 5.780827179744702562e+02 3.192400990541880788e+02 1.672314725937918134e-01 1.448415537424583178e-04 1.722272311121603025e+03 1.943222091222011613e+03
4.359404218462265845e+01 4.078157186297326575e+02 2.544194840191092339e+02 2.433368584205127805e-01 9.520676873044034308e-05 1.066329570223975225e+03 1.190027396432599971e+03
5.163433267040320374e+01 2.885449522914732938e+02 2.035180565606164862e+02 3.491476918712713706e-01 6.258099680571417025e-05 6.744202401566366234e+02 7.479767520683694784e+02
6.115753843212795005e+01 2.032015349890606615e+02 1.578622124371109692e+02 5.046510282547390647e-01 4.113553283470092713e-05 3.779412796316393610e+02 4.428751624832913762e+02
7.243716174182492296e+01 1.416307712209399767e+02 1.198011400893733196e+02 7.464314970897847346e-01 2.703907173048209533e-05 1.951726784921422109e+02 2.466583771487944432e+02
