# r [au]                 Sigma [g cm-2]           T_mid [K]                alpha                    a_max [cm]               tau_mid (Planck)         tau_mid (Rosseland)
1.052387583442992325e+00 2.627304942061684560e+05 8.160603388417166570e+02 8.949503162551295486e-06 6.998353244699520701e+02 3.452502388056781911e+03 3.946654358453498389e+03
1.246485250245153997e+00 1.897511630477991712e+05 6.869617484695344274e+02 1.129831196604660745e-05 4.588396312248128766e+02 2.845536025938380135e+03 3.284619409307890692e+03
1.476381424033486045e+00 1.371787663927804097e+05 5.809903076685640144e+02 1.422267873667507441e-05 3.008333529633966350e+02 2.389002016697094859e+03 2.736043684136987849e+03
1.748678621590138871e+00 9.941670653863631014e+04 4.938373728427837364e+02 1.777600191330545553e-05 1.972382072002381221e+02 2.046711701946790754e+03 2.317558291563414514e+03
2.071197098411232673e+00 7.303715647789013747e+04 4.461980400007220737e+02 2.135194762732988010e-05 1.293171451780386292e+02 2.238407024717924742e+03 2.429708832315431209e+03
2.453199442997812341e+00 5.343836576082248939e+04 4.055861726251059167e+02 2.596411466222849749e-05 8.478541898335461724e+01 2.507475394629346738e+03 2.607185203780223674e+03
2.905656594315040309e+00 3.757029287859682518e+04 3.351074095026766599e+02 3.548354095299559947e-05 5.558866353170776620e+01 1.916656321780485996e+03 1.921836264531584902e+03
3.441562922323707863e+00 2.623722589047106885e+04 2.714722113852832308e+02 4.943490079054229047e-05 3.644611951316898768e+01 1.354616727804258517e+03 1.312667281510508928e+03
4.076309420558163588e+00 1.836798890415051210e+04 2.195793344774320133e+02 6.834240189474939046e-05 2.389551291893372920e+01 9.517753393849541226e+02 8.961056750447696686e+02
4.828125728676806894e+00 1.301061715361257484e+04 1.792187066384096852e+02 9.125018590761683806e-05 1.566684040128365929e+01 6.930727511304786503e+02 6.456584222734832110e+02
5.718603679678229135e+00 9.235957133454612631e+03 1.463221780747225012e+02 1.210265797053643356e-04 1.027179826572421462e+01 5.055924374491589788e+02 4.684770294578101471e+02
6.773317407828080228e+00 6.706164450611629036e+03 1.243933401791258433e+02 1.502040688112818141e-04 6.734595930593070712e+00 4.337699802353937457e+02 4.015098046923440052e+02
8.022557826523225799e+00 4.871426395578439042e+03 1.055844818181497970e+02 1.861995490345698531e-04 4.415466617924522552e+00 3.698162621770081842e+02 3.424897149925860163e+02
9.502202569973327684e+00 3.520941001009112824e+03 8.837588484023011404e+01 2.342681629758704164e-04 2.894954003912883600e+00 2.974328029253418322e+02 2.765015462363983829e+02
1.125474638304197228e+01 2.534916944123353005e+03 7.341771076854968214e+01 2.981519047579023044e-04 1.898045984709692213e+00 2.317424493688264704e+02 2.165704175683675885e+02
1.333052155158932095e+01 1.816976666732613012e+03 6.059149446720281418e+01 3.843915545108574647e-04 1.244433782092296603e+00 1.757622059335244842e+02 1.652958248165506916e+02
1.578914342353729872e+01 1.297037019586449560e+03 4.980371135195542820e+01 5.015247754562924317e-04 8.158998519993178045e-01 1.310897502719868726e+02 1.241413680326174784e+02
1.870122253538601242e+01 9.195555638521706214e+02 4.065171139611573636e+01 6.675302877855122724e-04 5.349361115649432508e-01 9.499392638137194922e+01 9.068583731863138553e+01
2.215039251569969281e+01 6.494392805407763944e+02 3.303986043249864224e+01 8.983058922286609209e-04 3.507252057406436974e-01 6.761138384195301398e+01 6.513316151280754696e+01
2.623571200605660181e+01 4.554127067828767395e+02 2.656947612682451876e+01 1.234037344762880248e-03 2.299492729738518426e-01 4.599431115027343964e+01 4.510804932050078975e+01
3.107450958157445342e+01 3.174348954342059415e+02 2.114344752698006502e+01 1.724863530594918570e-03 1.507638096028491859e-01 2.988496294105130247e+01 3.018339719033945912e+01
3.680575337587349338e+01 2.201358457593473474e+02 1.663873981710434080e+01 2.446243656589451067e-03 9.884669776080930170e-02 1.845502954304817678e+01 1.950722460521776824e+01
4.359404218462265845e+01 1.488499012717104506e+02 1.231446837019759322e+01 3.735386515783386315e-03 6.480779229415431497e-02 8.426819570769987777e+00 1.054907838927111996e+01
5.163433267040320374e+01 1.026050872000299137e+02 9.366169975975850548e+00 5.385960792935287275e-03 4.249054381366940136e-02 3.698014872551441901e+00 5.759274736123730420e+00
6.115753843212795005e+01 7.222416344020932399e+01 7.385523110738108521e+00 7.297941253424655023e-03 2.785847580467897336e-02 1.492223741967229067e+00 2.949939129307987962e+00
7.243716174182492296e+01 5.233785870835168907e+01 6.193478783184050762e+00 9.075145117149541543e-03 1.826511511745394778e-02 5.956118929238630733e-01 1.381720302738877137e+00
8.579714840934212816e+01 3.873193321087597951e+01 5.479539592411639681e+00 1.060963747629297196e-02 1.197532961217529987e-02 2.947500671532028438e-01 7.375874766248284864e-01
1.016211913632223371e+02 2.927192670883717796e+01 5.097503649643670975e+00 1.166469659937747171e-02 7.851498246687911575e-03 1.766683077540097402e-01 4.050109885202672344e-01
1.203637501424954053e+02 2.236147782875888268e+01 4.864234031993060370e+00 1.243596516634622347e-02 5.147751812615494749e-03 1.235646759535931061e-01 2.381711022101203890e-01
1.425631027743314121e+02 1.713280817680116286e+01 4.667886441100948858e+00 1.315790705167793791e-02 3.375069049460033364e-03 8.774451933769764067e-02 1.427425786093637350e-01
1.688568048817287206e+02 1.303616324768091772e+01 4.422368555791639899e+00 1.422350850489613981e-02 2.212828338131462950e-03 6.389234763209397649e-02 9.939860297890971974e-02
2.000000000000002274e+02 9.914287621183090593e+00 4.183968090480035151e+00 1.541324220025934791e-02 1.450817503962178491e-03 4.663870080815760155e-02 7.115742757220493153e-02
