# r [au]                 Sigma [g cm-2]           T_mid [K]                alpha                    a_max [cm]               tau_mid (Planck)         tau_mid (Rosseland)
4.828125728676806894e+00 2.592178495168202426e+04 1.180655977803942278e+03 5.120645102550384908e-03 1.578061759576412648e-01 2.507718536118193697e+03 2.667180366027310356e+03
5.718603679678229135e+00 1.940376182777924987e+04 1.030275012851788915e+03 6.094021376268139722e-03 1.022319002182081882e-01 2.312036035212650859e+03 2.544801855401270132e+03
6.773317407828080228e+00 1.453488978883187883e+04 9.005188165187807954e+02 7.240408352141275601e-03 6.622910262416574489e-02 2.145546651593982915e+03 2.440460755441372385e+03
8.022557826523225799e+00 1.095784626376492815e+04 8.000900949092709880e+02 8.453735189392925370e-03 4.290533605498808578e-02 2.124714472473696787e+03 2.455866247657304029e+03
9.502202569973327684e+00 8.274589069579466013e+03 7.145109009353818692e+02 9.832666973020556811e-03 2.779545228685859071e-02 2.146737465753439665e+03 2.505973087361182479e+03
1.125474638304197228e+01 6.252380273614414364e+03 6.404177048246760933e+02 1.142488545763958516e-02 1.800678514301536776e-02 2.199492241861405091e+03 2.566613661778977075e+03
1.333052155158932095e+01 4.727514858029562674e+03 5.740844957745027841e+02 1.326069259806649490e-02 1.166537273221543783e-02 2.253395882015116968e+03 2.621333971344253314e+03
1.578914342353729872e+01 3.573871941016007895e+03 5.135500089072436367e+02 1.541133453772912040e-02 7.557202460112637937e-03 2.288411329447285425e+03 2.657462755535349970e+03
1.870122253538601242e+01 2.722221576540003753e+03 4.723640161711880978e+02 1.755532836507446917e-02 4.895798045561994966e-03 2.595581427000250642e+03 2.958807844150890560e+03
2.215039251569969281e+01 2.075831888953394355e+03 4.409967457725210807e+02 1.996008891412601530e-02 3.171654938376682227e-03 3.121942985638544997e+03 3.459869079661973501e+03
2.623571200605660181e+01 1.562930772151534484e+03 4.052654530828996826e+02 2.352900653963777705e-02 2.054699755691119165e-03 3.523019612103489635e+03 3.800719545938977262e+03
3.107450958157445342e+01 1.162273216187295702e+03 3.648584006118715592e+02 2.870610772401653230e-02 1.331100377583289062e-03 3.661979072925422770e+03 3.848094842475728910e+03
3.680575337587349338e+01 8.297069068248224539e+02 3.031831861955955674e+02 3.917839009417283663e-02 8.623295010839194781e-04 2.764930536910661885e+03 2.912424439428649293e+03
4.359404218462265845e+01 5.757330002752414657e+02 2.389411015068918118e+02 5.770219902254527383e-02 5.586446979977062509e-04 1.693452417171874004e+03 1.843153779130359226e+03
5.163433267040320374e+01 3.958467985635775790e+02 1.841831953668666984e+02 8.690988709196512119e-02 3.619079461025814402e-04 9.522618800663458387e+02 1.095220087017460401e+03
6.115753843212795005e+01 2.704110079525691503e+02 1.372674737349149723e+02 1.328762214629939653e-01 2.344555706366459856e-04 4.673055214614688566e+02 5.759329405731849647e+02
7.243716174182492296e+01 1.827545886339080994e+02 9.699625152040971443e+01 2.087453352615475655e-01 1.518878355519031297e-04 1.844346133422855303e+02 2.567478157858425902e+02
8.579714840934212816e+01 1.212785510047460633e+02 6.565154695719751032e+01 3.443030555491297107e-01 9.839780955512017881e-05 6.134390114433184493e+01 9.883044473658006268e+01
1.016211913632223371e+02 8.054890834142068456e+01 4.474391386933886849e+01 5.649246567045590472e-01 6.374525576761621345e-05 1.989336863361639018e+01 3.571073173817767099e+01
1.203637501424954053e+02 5.584005609499941158e+01 3.330821658486097192e+01 8.181571840987245103e-01 4.129622042655894227e-05 8.021746214219557913e+00 1.455036571293908310e+01
