# r [au]                 Sigma [g cm-2]           T_mid [K]                alpha                    a_max [cm]               tau_mid (Planck)         tau_mid (Rosseland)
1.125474638304197228e+01 7.229224962022615728e+03 1.190235597078264163e+03 4.698829773856712938e-02 3.868513018843388728e-03 3.904396346895726310e+03 4.201442322781063922e+03
1.333052155158932095e+01 5.488866418746008094e+03 1.037892000126781113e+03 5.609825674032208054e-02 2.509934551570643015e-03 3.468267844641082775e+03 3.911460024716932367e+03
1.578914342353729872e+01 4.154332296682884589e+03 8.999534519329632758e+02 6.744911217319658758e-02 1.628473633792147960e-03 3.016106743751642625e+03 3.595906033653659961e+03
1.870122253538601242e+01 3.172985580772446156e+03 7.998262024019742285e+02 7.905193068988028426e-02 1.056571923079311411e-03 2.897250564083409699e+03 3.550800115167916374e+03
2.215039251569969281e+01 2.400180948921629806e+03 7.015744433026902698e+02 9.499528714083022018e-02 6.855156911812798929e-04 2.643414028342085658e+03 3.365067843263948816e+03
2.623571200605660181e+01 1.805637932209250039e+03 6.097685064198050213e+02 1.156832586078241909e-01 4.447702542446578099e-04 2.327431713688562468e+03 3.067560213146715341e+03
3.107450958157445342e+01 1.350726372749389839e+03 5.251511572709329130e+02 1.427782330353426499e-01 2.885719198053240822e-04 1.979001132152403670e+03 2.710641959241842414e+03
3.680575337587349338e+01 1.005473131792058439e+03 4.588480865028674316e+02 1.782094556187868717e-01 1.872286919042104975e-04 1.785975273403724032e+03 2.427055364265251228e+03
4.359404218462265845e+01 7.500961020134625414e+02 4.117130323553521976e+02 2.206869799510199626e-01 1.214760711846481694e-04 1.795740013800540964e+03 2.238216286394776034e+03
5.163433267040320374e+01 5.462477051380967623e+02 3.540068051255510113e+02 2.910541057193506975e-01 7.881503481318560193e-05 1.525587476844278399e+03 1.785820367505546983e+03
6.115753843212795005e+01 3.867153671333335296e+02 2.873541254153236650e+02 4.130021680982558507e-01 5.113607685880352806e-05 1.032974172975141755e+03 1.171806689599128731e+03
7.243716174182492296e+01 2.731351108040265672e+02 2.322176379898972129e+02 5.873105530300645194e-01 3.317765909394769746e-05 6.899437861501162388e+02 7.580763065887754237e+02
8.579714840934212816e+01 1.923491541192506702e+02 1.837400945521580411e+02 8.386519549176191246e-01 2.152603661781873906e-05 4.243302513636978119e+02 4.773362488286473990e+02
