# r [au]                 Sigma [g cm-2]           T_mid [K]                alpha                    a_max [cm]               tau_mid (Planck)         tau_mid (Rosseland)
1.050451561083046048e+00 7.883055843667393492e+04 8.827470754155106079e+02 3.634627722776896577e-04 5.110283099691848463e+00 1.383619895276282023e+03 1.568806238679651642e+03
1.244064886234336642e+00 5.975627149275219563e+04 7.852307596202076638e+02 4.234919081799931378e-04 3.370669228106125459e+00 1.363201237731784431e+03 1.570675362952340492e+03
1.473363930808504252e+00 4.538523021313045319e+04 7.027194297697360525e+02 4.910721026451563215e-04 2.223244940380457280e+00 1.375235872472570691e+03 1.597823733754974910e+03
1.744926085952237083e+00 3.452594409715096845e+04 6.329220115350491369e+02 5.672789620191958032e-04 1.466420384329573778e+00 1.422639151853617022e+03 1.644063584152976091e+03
2.066541050564327797e+00 2.627246831476959778e+04 5.695713652291877906e+02 6.552434673543292964e-04 9.672297930471416283e-01 1.466031715787364192e+03 1.685249006297282904e+03
2.447434277043877060e+00 2.001118212000690983e+04 5.126771279313729792e+02 7.553773033499389198e-04 6.379708592128777722e-01 1.511321762427505746e+03 1.727229927617232988e+03
2.898531601302360983e+00 1.540908489139497215e+04 4.770770249994836831e+02 8.460223136744245273e-04 4.207964023963647882e-01 1.778421601645973396e+03 1.985401903744617130e+03
3.432772647891541240e+00 1.185823069180551101e+04 4.470637233691576853e+02 9.504797171964514835e-04 2.775512544384708402e-01 2.149546830598332690e+03 2.338286638516200583e+03
4.065482000202301549e+00 9.108516747709531046e+03 4.201282711291057126e+02 1.074725878080129773e-03 1.830688152314732531e-01 2.625316536127213567e+03 2.781583488952475818e+03
4.814808782667483911e+00 6.946326500207001118e+03 3.896239654037235027e+02 1.240471313435620492e-03 1.207495573315267579e-01 3.038789332235891834e+03 3.136324807906054502e+03
5.702247264284620698e+00 5.181646539423021750e+03 3.438276149800591952e+02 1.520800780599000472e-03 7.964467119822699059e-02 2.883534491410145165e+03 2.909703076444063299e+03
6.753253416852672331e+00 3.850304417676348749e+03 3.006606755539289679e+02 1.882333777454212693e-03 5.253247954241163642e-02 2.640804654279532315e+03 2.607825463510523150e+03
7.997975113756082166e+00 2.861696409744559332e+03 2.623928746066408166e+02 2.325622954809780998e-03 3.464966789812499309e-02 2.401806570943909719e+03 2.325603466055013541e+03
9.472116914883040195e+00 2.123801176832071178e+03 2.281919591253101203e+02 2.881708551508487936e-03 2.285442255740180451e-02 2.156058779202047845e+03 2.051719356232352311e+03
1.121796424383693846e+01 1.576840091624403840e+03 1.982721548689678741e+02 3.562759843846578962e-03 1.507444838917319264e-02 1.930341679693871129e+03 1.814454262155582228e+03
1.328559633573293297e+01 1.171714001052180265e+03 1.720911393438269386e+02 4.390446106081117954e-03 9.942889332124078133e-03 1.722082955374837184e+03 1.612116606195833128e+03
1.573432274871190906e+01 8.575278135566460378e+02 1.454489836067618000e+02 5.634792922591361393e-03 6.558186788570717976e-03 1.381939481686154750e+03 1.347714838016695012e+03
1.863438464517929560e+01 6.137170527730451113e+02 1.180566644495711870e+02 7.675266685606282717e-03 4.325685675171429302e-03 9.441571652280913440e+02 1.019259813662505167e+03
2.206896964363605562e+01 4.222234344429056137e+02 8.837540913226185069e+01 1.162440254533352903e-02 2.853160052256012436e-03 4.664260161038659476e+02 6.072742392759208769e+02
2.613659803666908488e+01 2.720753292232240597e+02 5.717761218299215642e+01 2.103623411951699787e-02 1.881903331653175500e-03 1.266746224613656580e+02 2.076372863236910575e+02
3.095394882322489494e+01 1.732261873927815543e+02 3.581523245383143461e+01 3.920222543963104711e-02 1.241276368946420431e-03 2.976280377979281155e+01 5.594088871800408214e+01
3.665920661926109858e+01 1.120096375495144088e+02 2.312342865405605608e+01 6.966095700751313846e-02 8.187280388899194003e-04 7.737607981843217075e+00 1.430595623815983330e+01
4.341602545214987430e+01 7.959019240573090315e+01 1.822883309466826418e+01 9.439221316418885954e-02 5.400212381659120261e-04 3.580659545194317950e+00 6.167358214188506160e+00
5.141822313937787925e+01 5.756721846455167935e+01 1.496140479039776316e+01 1.214767574804001410e-01 3.561902412254557243e-04 1.827610109126479365e+00 3.003985419151081526e+00
6.089534090873206651e+01 4.229323618472670177e+01 1.273166944152535329e+01 1.494779562544578111e-01 2.349379598016279093e-04 1.016899055273925656e+00 1.644607337997760599e+00
7.211922773641694562e+01 3.121460708320770649e+01 1.094975329563213151e+01 1.815646812124434573e-01 1.549616990231192642e-04 5.792867648812645154e-01 9.268155256358042715e-01
8.541183827335056833e+01 2.314936473804025141e+01 9.524395044668281685e+00 2.175927855886657936e-01 1.022105077630175305e-04 3.386476413407158437e-01 5.375534418452260210e-01
1.011544680413882844e+02 1.769582699085374244e+01 8.879527546947535654e+00 2.394511649933497854e-01 6.741658076177426274e-05 2.279006915811146450e-01 3.603511711041759158e-01
1.197986908089855547e+02 1.360424499340082427e+01 8.372022503028674123e+00 2.597766316578362100e-01 4.446700697492645473e-05 1.571823058431514597e-01 2.473975345243357438e-01
1.418793118824453359e+02 1.047796041716924798e+01 7.911321610862183995e+00 2.809652607866563456e-01 2.932979820343087582e-05 1.090240279567526033e-01 1.708516059229295003e-01
1.680297088749684065e+02 8.086283950558764033e+00 7.494712118207153217e+00 3.028489597334746986e-01 1.934551302584941462e-05 7.617532711660036926e-02 1.189329420868322218e-01
1.990000000000001137e+02 6.255976696184344377e+00 7.124265381680610076e+00 3.249420954684357765e-01 1.276002213303776618e-05 5.378220274684517715e-02 8.361816740775399048e-02
